sourcecc nexcluded ngood nbad nmixed goodratio badratio definedratio mixedratio 
AT 0 500 0 0 1.0 0.0 1.0 0
AT 10 401 27 72 0.802 0.054 0.85 0.69
AT 20 319 50 131 0.638 0.1 0.73 0.68
AT 30 271 63 166 0.542 0.126 0.66 0.66
AT 40 207 96 197 0.414 0.192 0.6 0.64
AT 50 168 95 237 0.336 0.19 0.52 0.61
AT 60 132 144 224 0.264 0.288 0.55 0.57
AT 70 96 169 235 0.192 0.338 0.53 0.56
AT 80 87 168 245 0.174 0.336 0.51 0.56
AT 90 61 202 237 0.122 0.404 0.52 0.54
AT 100 58 226 216 0.116 0.452 0.56 0.53
AT 110 36 228 236 0.072 0.456 0.52 0.51
AT 120 42 254 204 0.084 0.508 0.59 0.5
AT 130 26 294 180 0.052 0.588 0.64 0.43
AT 140 24 307 169 0.048 0.614 0.66 0.46
AT 150 9 339 152 0.018 0.678 0.69 0.43
AT 160 11 344 145 0.022 0.688 0.71 0.43
AT 170 8 361 131 0.016 0.722 0.73 0.38
AT 180 5 388 107 0.01 0.776 0.78 0.4
AT 190 2 408 90 0.004 0.816 0.82 0.4
AT 200 5 433 62 0.01 0.866 0.87 0.37
AT 210 2 440 58 0.004 0.88 0.88 0.33
AT 220 0 478 22 0.0 0.956 0.95 0.39
AT 230 0 485 15 0.0 0.97 0.97 0.3

AU 0 500 0 0 1.0 0.0 1.0 0
AU 10 362 27 111 0.724 0.054 0.77 0.72
AU 20 282 41 177 0.564 0.082 0.64 0.7
AU 30 213 73 214 0.426 0.146 0.57 0.67
AU 40 171 95 234 0.342 0.19 0.53 0.64
AU 50 114 114 272 0.228 0.228 0.45 0.62
AU 60 88 148 264 0.176 0.296 0.47 0.6
AU 70 74 157 269 0.148 0.314 0.46 0.58
AU 80 54 177 269 0.108 0.354 0.46 0.55
AU 90 31 202 267 0.062 0.404 0.46 0.53
AU 100 27 231 242 0.054 0.462 0.51 0.49
AU 110 22 231 247 0.044 0.462 0.5 0.47
AU 120 15 260 225 0.03 0.52 0.55 0.44
AU 130 13 294 193 0.026 0.588 0.61 0.45
AU 140 10 328 162 0.02 0.656 0.67 0.4
AU 150 7 339 154 0.014 0.678 0.69 0.4
AU 160 13 353 134 0.026 0.706 0.73 0.33
AU 170 3 392 105 0.006 0.784 0.79 0.32
AU 180 6 383 111 0.012 0.766 0.77 0.28
AU 190 4 421 75 0.008 0.842 0.85 0.28
AU 200 3 430 67 0.006 0.86 0.86 0.27
AU 210 0 464 36 0.0 0.928 0.92 0.32
AU 220 0 477 23 0.0 0.954 0.95 0.28
AU 230 1 484 15 0.002 0.968 0.97 0.24

BR 0 500 0 0 1.0 0.0 1.0 0
BR 10 362 29 109 0.724 0.058 0.78 0.69
BR 20 275 30 195 0.55 0.06 0.61 0.69
BR 30 193 64 243 0.386 0.128 0.51 0.64
BR 40 128 90 282 0.256 0.18 0.43 0.62
BR 50 104 115 281 0.208 0.23 0.43 0.6
BR 60 77 133 290 0.154 0.266 0.42 0.58
BR 70 53 160 287 0.106 0.32 0.42 0.55
BR 80 36 195 269 0.072 0.39 0.46 0.51
BR 90 26 194 280 0.052 0.388 0.44 0.46
BR 100 18 230 252 0.036 0.46 0.49 0.47
BR 110 17 260 223 0.034 0.52 0.55 0.4
BR 120 12 280 208 0.024 0.56 0.58 0.4
BR 130 7 300 193 0.014 0.6 0.61 0.37
BR 140 6 320 174 0.012 0.64 0.65 0.34
BR 150 1 343 156 0.002 0.686 0.68 0.31
BR 160 0 387 113 0.0 0.774 0.77 0.29
BR 170 0 396 104 0.0 0.792 0.79 0.25
BR 180 1 412 87 0.002 0.824 0.82 0.26
BR 190 1 436 63 0.002 0.872 0.87 0.23
BR 200 1 449 50 0.002 0.898 0.9 0.16
BR 210 0 463 37 0.0 0.926 0.92 0.2
BR 220 0 475 25 0.0 0.95 0.95 0.18
BR 230 0 488 12 0.0 0.976 0.97 0.19

CA 0 500 0 0 1.0 0.0 1.0 0
CA 10 418 30 52 0.836 0.06 0.89 0.7
CA 20 345 53 102 0.69 0.106 0.79 0.63
CA 30 298 70 132 0.596 0.14 0.73 0.64
CA 40 236 97 167 0.472 0.194 0.66 0.59
CA 50 206 107 187 0.412 0.214 0.62 0.6
CA 60 164 148 188 0.328 0.296 0.62 0.56
CA 70 139 142 219 0.278 0.284 0.56 0.57
CA 80 112 178 210 0.224 0.356 0.57 0.54
CA 90 83 216 201 0.166 0.432 0.59 0.52
CA 100 75 242 183 0.15 0.484 0.63 0.51
CA 110 41 253 206 0.082 0.506 0.58 0.5
CA 120 50 261 189 0.1 0.522 0.62 0.46
CA 130 35 298 167 0.07 0.596 0.66 0.48
CA 140 31 305 164 0.062 0.61 0.67 0.42
CA 150 23 332 145 0.046 0.664 0.71 0.43
CA 160 12 364 124 0.024 0.728 0.75 0.41
CA 170 13 381 106 0.026 0.762 0.78 0.37
CA 180 4 403 93 0.008 0.806 0.81 0.37
CA 190 2 431 67 0.004 0.862 0.86 0.31
CA 200 2 443 55 0.004 0.886 0.89 0.3
CA 210 2 457 41 0.004 0.914 0.91 0.3
CA 220 4 469 27 0.008 0.938 0.94 0.32
CA 230 0 489 11 0.0 0.978 0.97 0.25

CH 0 500 0 0 1.0 0.0 1.0 0
CH 10 414 18 68 0.828 0.036 0.86 0.71
CH 20 312 43 145 0.624 0.086 0.71 0.68
CH 30 265 57 178 0.53 0.114 0.64 0.69
CH 40 162 94 244 0.324 0.188 0.51 0.64
CH 50 156 111 233 0.312 0.222 0.53 0.64
CH 60 122 134 244 0.244 0.268 0.51 0.62
CH 70 78 158 264 0.156 0.316 0.47 0.59
CH 80 59 160 281 0.118 0.32 0.43 0.55
CH 90 55 192 253 0.11 0.384 0.49 0.57
CH 100 36 228 236 0.072 0.456 0.52 0.55
CH 110 28 243 229 0.056 0.486 0.54 0.5
CH 120 23 247 230 0.046 0.494 0.54 0.46
CH 130 17 277 206 0.034 0.554 0.58 0.45
CH 140 14 311 175 0.028 0.622 0.65 0.44
CH 150 8 310 182 0.016 0.62 0.63 0.42
CH 160 5 347 148 0.01 0.694 0.7 0.38
CH 170 0 362 138 0.0 0.724 0.72 0.36
CH 180 3 383 114 0.006 0.766 0.77 0.36
CH 190 1 417 82 0.002 0.834 0.83 0.3
CH 200 2 420 78 0.004 0.84 0.84 0.28
CH 210 0 444 56 0.0 0.888 0.88 0.32
CH 220 0 461 39 0.0 0.922 0.92 0.26
CH 230 0 490 10 0.0 0.98 0.98 0.26

CZ 0 500 0 0 1.0 0.0 1.0 0
CZ 10 412 31 57 0.824 0.062 0.88 0.61
CZ 20 349 52 99 0.698 0.104 0.8 0.59
CZ 30 310 74 116 0.62 0.148 0.76 0.61
CZ 40 231 103 166 0.462 0.206 0.66 0.58
CZ 50 192 116 192 0.384 0.232 0.61 0.56
CZ 60 166 158 176 0.332 0.316 0.64 0.56
CZ 70 141 172 187 0.282 0.344 0.62 0.54
CZ 80 104 207 189 0.208 0.414 0.62 0.53
CZ 90 91 249 160 0.182 0.498 0.68 0.5
CZ 100 63 263 174 0.126 0.526 0.65 0.48
CZ 110 54 288 158 0.108 0.576 0.68 0.46
CZ 120 41 304 155 0.082 0.608 0.69 0.47
CZ 130 28 338 134 0.056 0.676 0.73 0.48
CZ 140 29 346 125 0.058 0.692 0.75 0.45
CZ 150 20 363 117 0.04 0.726 0.76 0.43
CZ 160 28 392 80 0.056 0.784 0.84 0.45
CZ 170 12 399 89 0.024 0.798 0.82 0.41
CZ 180 8 419 73 0.016 0.838 0.85 0.41
CZ 190 8 440 52 0.016 0.88 0.89 0.41
CZ 200 5 453 42 0.01 0.906 0.91 0.38
CZ 210 4 470 26 0.008 0.94 0.94 0.36
CZ 220 3 480 17 0.006 0.96 0.96 0.32
CZ 230 1 496 3 0.002 0.992 0.99 0.22

DE 0 500 0 0 1.0 0.0 1.0 0
DE 10 411 25 64 0.822 0.05 0.87 0.62
DE 20 339 44 117 0.678 0.088 0.76 0.65
DE 30 282 67 151 0.564 0.134 0.69 0.62
DE 40 264 78 158 0.528 0.156 0.68 0.6
DE 50 211 102 187 0.422 0.204 0.62 0.58
DE 60 153 130 217 0.306 0.26 0.56 0.6
DE 70 143 150 207 0.286 0.3 0.58 0.56
DE 80 118 178 204 0.236 0.356 0.59 0.57
DE 90 63 198 239 0.126 0.396 0.52 0.53
DE 100 64 246 190 0.128 0.492 0.62 0.53
DE 110 58 222 220 0.116 0.444 0.56 0.52
DE 120 48 269 183 0.096 0.538 0.63 0.5
DE 130 45 281 174 0.09 0.562 0.65 0.47
DE 140 20 298 182 0.04 0.596 0.63 0.51
DE 150 11 311 178 0.022 0.622 0.64 0.44
DE 160 21 350 129 0.042 0.7 0.74 0.41
DE 170 10 361 129 0.02 0.722 0.74 0.43
DE 180 4 397 99 0.008 0.794 0.8 0.43
DE 190 4 413 83 0.008 0.826 0.83 0.38
DE 200 2 438 60 0.004 0.876 0.88 0.36
DE 210 1 446 53 0.002 0.892 0.89 0.35
DE 220 0 464 36 0.0 0.928 0.92 0.36
DE 230 0 486 14 0.0 0.972 0.97 0.33

ES 0 500 0 0 1.0 0.0 1.0 0
ES 10 438 25 37 0.876 0.05 0.92 0.67
ES 20 378 36 86 0.756 0.072 0.82 0.6
ES 30 305 67 128 0.61 0.134 0.74 0.58
ES 40 275 112 113 0.55 0.224 0.77 0.57
ES 50 222 144 134 0.444 0.288 0.73 0.56
ES 60 186 147 167 0.372 0.294 0.66 0.56
ES 70 154 189 157 0.308 0.378 0.68 0.56
ES 80 118 196 186 0.236 0.392 0.62 0.53
ES 90 106 227 167 0.212 0.454 0.66 0.52
ES 100 87 253 160 0.174 0.506 0.68 0.51
ES 110 79 279 142 0.158 0.558 0.71 0.48
ES 120 67 292 141 0.134 0.584 0.71 0.49
ES 130 36 330 134 0.072 0.66 0.73 0.46
ES 140 34 343 123 0.068 0.686 0.75 0.47
ES 150 27 376 97 0.054 0.752 0.8 0.46
ES 160 22 379 99 0.044 0.758 0.8 0.45
ES 170 15 416 69 0.03 0.832 0.86 0.4
ES 180 12 418 70 0.024 0.836 0.86 0.43
ES 190 7 438 55 0.014 0.876 0.89 0.37
ES 200 6 463 31 0.012 0.926 0.93 0.41
ES 210 1 473 26 0.002 0.946 0.94 0.33
ES 220 1 476 23 0.002 0.952 0.95 0.36
ES 230 0 492 8 0.0 0.984 0.98 0.29

FR 0 500 0 0 1.0 0.0 1.0 0
FR 10 437 20 43 0.874 0.04 0.91 0.56
FR 20 374 46 80 0.748 0.092 0.84 0.63
FR 30 327 58 115 0.654 0.116 0.77 0.59
FR 40 289 94 117 0.578 0.188 0.76 0.55
FR 50 228 113 159 0.456 0.226 0.68 0.58
FR 60 211 143 146 0.422 0.286 0.7 0.54
FR 70 157 162 181 0.314 0.324 0.63 0.53
FR 80 104 202 194 0.208 0.404 0.61 0.52
FR 90 112 221 167 0.224 0.442 0.66 0.53
FR 100 97 220 183 0.194 0.44 0.63 0.51
FR 110 75 247 178 0.15 0.494 0.64 0.51
FR 120 59 286 155 0.118 0.572 0.69 0.46
FR 130 50 287 163 0.1 0.574 0.67 0.47
FR 140 49 319 132 0.098 0.638 0.73 0.46
FR 150 41 332 127 0.082 0.664 0.74 0.45
FR 160 29 358 113 0.058 0.716 0.77 0.42
FR 170 9 381 110 0.018 0.762 0.78 0.45
FR 180 14 402 84 0.028 0.804 0.83 0.41
FR 190 13 415 72 0.026 0.83 0.85 0.39
FR 200 6 430 64 0.012 0.86 0.87 0.39
FR 210 4 462 34 0.008 0.924 0.93 0.35
FR 220 2 479 19 0.004 0.958 0.96 0.37
FR 230 0 489 11 0.0 0.978 0.97 0.36

GB 0 500 0 0 1.0 0.0 1.0 0
GB 10 423 16 61 0.846 0.032 0.87 0.67
GB 20 364 33 103 0.728 0.066 0.79 0.62
GB 30 275 67 158 0.55 0.134 0.68 0.6
GB 40 229 83 188 0.458 0.166 0.62 0.6
GB 50 165 112 223 0.33 0.224 0.55 0.57
GB 60 151 137 212 0.302 0.274 0.57 0.56
GB 70 116 152 232 0.232 0.304 0.53 0.55
GB 80 99 182 219 0.198 0.364 0.56 0.52
GB 90 65 195 240 0.13 0.39 0.52 0.51
GB 100 52 213 235 0.104 0.426 0.53 0.51
GB 110 41 242 217 0.082 0.484 0.56 0.47
GB 120 24 293 183 0.048 0.586 0.63 0.46
GB 130 31 290 179 0.062 0.58 0.64 0.43
GB 140 19 318 163 0.038 0.636 0.67 0.39
GB 150 13 333 154 0.026 0.666 0.69 0.4
GB 160 7 352 141 0.014 0.704 0.71 0.41
GB 170 7 372 121 0.014 0.744 0.75 0.38
GB 180 6 400 94 0.012 0.8 0.81 0.34
GB 190 2 425 73 0.004 0.85 0.85 0.36
GB 200 1 442 57 0.002 0.884 0.88 0.34
GB 210 0 455 45 0.0 0.91 0.91 0.27
GB 220 0 470 30 0.0 0.94 0.94 0.31
GB 230 0 492 8 0.0 0.984 0.98 0.26

HK 0 500 0 0 1.0 0.0 1.0 0
HK 10 435 17 48 0.87 0.034 0.9 0.6
HK 20 360 46 94 0.72 0.092 0.81 0.63
HK 30 301 72 127 0.602 0.144 0.74 0.57
HK 40 266 92 142 0.532 0.184 0.71 0.61
HK 50 206 126 168 0.412 0.252 0.66 0.58
HK 60 180 136 184 0.36 0.272 0.63 0.58
HK 70 138 173 189 0.276 0.346 0.62 0.56
HK 80 115 183 202 0.23 0.366 0.59 0.54
HK 90 117 211 172 0.234 0.422 0.65 0.52
HK 100 90 237 173 0.18 0.474 0.65 0.53
HK 110 59 269 172 0.118 0.538 0.65 0.49
HK 120 50 288 162 0.1 0.576 0.67 0.46
HK 130 52 292 156 0.104 0.584 0.68 0.47
HK 140 38 311 151 0.076 0.622 0.69 0.44
HK 150 24 344 132 0.048 0.688 0.73 0.42
HK 160 24 356 120 0.048 0.712 0.76 0.41
HK 170 17 387 96 0.034 0.774 0.8 0.43
HK 180 12 392 96 0.024 0.784 0.8 0.39
HK 190 8 431 61 0.016 0.862 0.87 0.35
HK 200 3 456 41 0.006 0.912 0.91 0.38
HK 210 4 459 37 0.008 0.918 0.92 0.38
HK 220 1 473 26 0.002 0.946 0.94 0.37
HK 230 0 491 9 0.0 0.982 0.98 0.38

IE 0 500 0 0 1.0 0.0 1.0 0
IE 10 431 21 48 0.862 0.042 0.9 0.6
IE 20 356 49 95 0.712 0.098 0.81 0.59
IE 30 300 67 133 0.6 0.134 0.73 0.58
IE 40 255 101 144 0.51 0.202 0.71 0.57
IE 50 215 127 158 0.43 0.254 0.68 0.54
IE 60 176 142 182 0.352 0.284 0.63 0.53
IE 70 154 165 181 0.308 0.33 0.63 0.53
IE 80 126 193 181 0.252 0.386 0.63 0.5
IE 90 86 228 186 0.172 0.456 0.62 0.51
IE 100 72 264 164 0.144 0.528 0.67 0.47
IE 110 59 293 148 0.118 0.586 0.7 0.48
IE 120 40 310 150 0.08 0.62 0.7 0.45
IE 130 37 329 134 0.074 0.658 0.73 0.47
IE 140 28 343 129 0.056 0.686 0.74 0.44
IE 150 20 371 109 0.04 0.742 0.78 0.43
IE 160 11 390 99 0.022 0.78 0.8 0.44
IE 170 16 403 81 0.032 0.806 0.83 0.43
IE 180 10 432 58 0.02 0.864 0.88 0.39
IE 190 6 451 43 0.012 0.902 0.91 0.43
IE 200 7 448 45 0.014 0.896 0.91 0.38
IE 210 1 476 23 0.002 0.952 0.95 0.35
IE 220 1 490 9 0.002 0.98 0.98 0.34
IE 230 0 493 7 0.0 0.986 0.98 0.35

IT 0 500 0 0 1.0 0.0 1.0 0
IT 10 423 14 63 0.846 0.028 0.87 0.7
IT 20 321 36 143 0.642 0.072 0.71 0.7
IT 30 249 65 186 0.498 0.13 0.62 0.67
IT 40 189 82 229 0.378 0.164 0.54 0.67
IT 50 133 128 239 0.266 0.256 0.52 0.64
IT 60 111 134 255 0.222 0.268 0.49 0.6
IT 70 91 159 250 0.182 0.318 0.5 0.61
IT 80 60 161 279 0.12 0.322 0.44 0.57
IT 90 44 201 255 0.088 0.402 0.49 0.55
IT 100 48 208 244 0.096 0.416 0.51 0.54
IT 110 36 256 208 0.072 0.512 0.58 0.5
IT 120 25 269 206 0.05 0.538 0.58 0.48
IT 130 15 282 203 0.03 0.564 0.59 0.46
IT 140 16 306 178 0.032 0.612 0.64 0.46
IT 150 6 297 197 0.012 0.594 0.6 0.41
IT 160 7 340 153 0.014 0.68 0.69 0.4
IT 170 3 374 123 0.006 0.748 0.75 0.39
IT 180 3 402 95 0.006 0.804 0.81 0.34
IT 190 2 408 90 0.004 0.816 0.82 0.32
IT 200 4 434 62 0.008 0.868 0.87 0.33
IT 210 1 463 36 0.002 0.926 0.92 0.29
IT 220 1 461 38 0.002 0.922 0.92 0.26
IT 230 0 490 10 0.0 0.98 0.98 0.24

JP 0 500 0 0 1.0 0.0 1.0 0
JP 10 410 25 65 0.82 0.05 0.87 0.63
JP 20 342 54 104 0.684 0.108 0.79 0.63
JP 30 285 81 134 0.57 0.162 0.73 0.61
JP 40 236 96 168 0.472 0.192 0.66 0.62
JP 50 171 134 195 0.342 0.268 0.61 0.6
JP 60 169 144 187 0.338 0.288 0.62 0.59
JP 70 115 168 217 0.23 0.336 0.56 0.56
JP 80 103 199 198 0.206 0.398 0.6 0.58
JP 90 87 222 191 0.174 0.444 0.61 0.54
JP 100 69 259 172 0.138 0.518 0.65 0.51
JP 110 52 279 169 0.104 0.558 0.66 0.5
JP 120 42 274 184 0.084 0.548 0.63 0.51
JP 130 29 305 166 0.058 0.61 0.66 0.44
JP 140 26 326 148 0.052 0.652 0.7 0.48
JP 150 20 351 129 0.04 0.702 0.74 0.46
JP 160 8 377 115 0.016 0.754 0.77 0.41
JP 170 9 386 105 0.018 0.772 0.79 0.4
JP 180 15 410 75 0.03 0.82 0.85 0.37
JP 190 8 431 61 0.016 0.862 0.87 0.38
JP 200 2 441 57 0.004 0.882 0.88 0.39
JP 210 0 450 50 0.0 0.9 0.9 0.34
JP 220 1 480 19 0.002 0.96 0.96 0.33
JP 230 0 494 6 0.0 0.988 0.98 0.31

KH 0 500 0 0 1.0 0.0 1.0 0
KH 10 407 24 69 0.814 0.048 0.86 0.56
KH 20 322 51 127 0.644 0.102 0.74 0.57
KH 30 258 86 156 0.516 0.172 0.68 0.57
KH 40 229 123 148 0.458 0.246 0.7 0.55
KH 50 178 138 184 0.356 0.276 0.63 0.54
KH 60 139 147 214 0.278 0.294 0.57 0.49
KH 70 112 198 190 0.224 0.396 0.62 0.48
KH 80 77 224 199 0.154 0.448 0.6 0.48
KH 90 68 235 197 0.136 0.47 0.6 0.46
KH 100 58 258 184 0.116 0.516 0.63 0.45
KH 110 40 280 180 0.08 0.56 0.64 0.43
KH 120 32 315 153 0.064 0.63 0.69 0.43
KH 130 20 353 127 0.04 0.706 0.74 0.4
KH 140 18 365 117 0.036 0.73 0.76 0.43
KH 150 16 398 86 0.032 0.796 0.82 0.36
KH 160 6 422 72 0.012 0.844 0.85 0.34
KH 170 11 428 61 0.022 0.856 0.87 0.37
KH 180 4 447 49 0.008 0.894 0.9 0.36
KH 190 1 465 34 0.002 0.93 0.93 0.34
KH 200 2 474 24 0.004 0.948 0.95 0.37
KH 210 2 484 14 0.004 0.968 0.97 0.39
KH 220 1 492 7 0.002 0.984 0.98 0.21
KH 230 0 496 4 0.0 0.992 0.99 0.5

MU 0 500 0 0 1.0 0.0 1.0 0
MU 10 421 27 52 0.842 0.054 0.89 0.57
MU 20 351 50 99 0.702 0.1 0.8 0.55
MU 30 300 88 112 0.6 0.176 0.77 0.59
MU 40 256 84 160 0.512 0.168 0.68 0.56
MU 50 201 122 177 0.402 0.244 0.64 0.56
MU 60 151 166 183 0.302 0.332 0.63 0.54
MU 70 142 169 189 0.284 0.338 0.62 0.49
MU 80 113 207 180 0.226 0.414 0.64 0.5
MU 90 103 224 173 0.206 0.448 0.65 0.48
MU 100 73 252 175 0.146 0.504 0.65 0.47
MU 110 64 283 153 0.128 0.566 0.69 0.46
MU 120 47 303 150 0.094 0.606 0.7 0.45
MU 130 33 320 147 0.066 0.64 0.7 0.45
MU 140 22 361 117 0.044 0.722 0.76 0.44
MU 150 19 369 112 0.038 0.738 0.77 0.41
MU 160 14 394 92 0.028 0.788 0.81 0.42
MU 170 15 400 85 0.03 0.8 0.83 0.4
MU 180 5 438 57 0.01 0.876 0.88 0.41
MU 190 7 435 58 0.014 0.87 0.88 0.37
MU 200 3 452 45 0.006 0.904 0.91 0.36
MU 210 0 468 32 0.0 0.936 0.93 0.4
MU 220 2 479 19 0.004 0.958 0.96 0.36
MU 230 0 491 9 0.0 0.982 0.98 0.34

NL 0 500 0 0 1.0 0.0 1.0 0
NL 10 397 28 75 0.794 0.056 0.85 0.74
NL 20 324 49 127 0.648 0.098 0.74 0.7
NL 30 254 80 166 0.508 0.16 0.66 0.69
NL 40 209 94 197 0.418 0.188 0.6 0.64
NL 50 181 109 210 0.362 0.218 0.57 0.61
NL 60 146 112 242 0.292 0.224 0.51 0.61
NL 70 128 159 213 0.256 0.318 0.57 0.57
NL 80 91 174 235 0.182 0.348 0.53 0.58
NL 90 76 195 229 0.152 0.39 0.54 0.54
NL 100 56 216 228 0.112 0.432 0.54 0.54
NL 110 47 219 234 0.094 0.438 0.53 0.5
NL 120 32 234 234 0.064 0.468 0.53 0.52
NL 130 22 277 201 0.044 0.554 0.59 0.45
NL 140 23 303 174 0.046 0.606 0.65 0.45
NL 150 10 325 165 0.02 0.65 0.67 0.42
NL 160 9 337 154 0.018 0.674 0.69 0.44
NL 170 8 352 140 0.016 0.704 0.72 0.42
NL 180 7 390 103 0.014 0.78 0.79 0.38
NL 190 8 399 93 0.016 0.798 0.81 0.38
NL 200 4 432 64 0.008 0.864 0.87 0.34
NL 210 2 450 48 0.004 0.9 0.9 0.32
NL 220 0 462 38 0.0 0.924 0.92 0.34
NL 230 0 484 16 0.0 0.968 0.96 0.3

NO 0 500 0 0 1.0 0.0 1.0 0
NO 10 426 20 54 0.852 0.04 0.89 0.6
NO 20 355 56 89 0.71 0.112 0.82 0.64
NO 30 303 56 141 0.606 0.112 0.71 0.61
NO 40 268 86 146 0.536 0.172 0.7 0.6
NO 50 214 103 183 0.428 0.206 0.63 0.57
NO 60 154 147 199 0.308 0.294 0.6 0.56
NO 70 155 150 195 0.31 0.3 0.61 0.56
NO 80 124 191 185 0.248 0.382 0.63 0.51
NO 90 105 212 183 0.21 0.424 0.63 0.5
NO 100 82 231 187 0.164 0.462 0.62 0.51
NO 110 67 263 170 0.134 0.526 0.66 0.5
NO 120 71 270 159 0.142 0.54 0.68 0.49
NO 130 34 308 158 0.068 0.616 0.68 0.46
NO 140 39 318 143 0.078 0.636 0.71 0.43
NO 150 31 330 139 0.062 0.66 0.72 0.44
NO 160 32 367 101 0.064 0.734 0.79 0.42
NO 170 20 390 90 0.04 0.78 0.82 0.41
NO 180 12 407 81 0.024 0.814 0.83 0.41
NO 190 13 419 68 0.026 0.838 0.86 0.36
NO 200 13 425 62 0.026 0.85 0.87 0.41
NO 210 7 459 34 0.014 0.918 0.93 0.34
NO 220 5 475 20 0.01 0.95 0.96 0.4
NO 230 1 494 5 0.002 0.988 0.99 0.35

RU 0 500 0 0 1.0 0.0 1.0 0
RU 10 429 17 54 0.858 0.034 0.89 0.7
RU 20 336 44 120 0.672 0.088 0.76 0.69
RU 30 294 60 146 0.588 0.12 0.7 0.66
RU 40 242 74 184 0.484 0.148 0.63 0.64
RU 50 212 106 182 0.424 0.212 0.63 0.63
RU 60 182 117 201 0.364 0.234 0.59 0.63
RU 70 135 153 212 0.27 0.306 0.57 0.61
RU 80 120 188 192 0.24 0.376 0.61 0.6
RU 90 82 188 230 0.164 0.376 0.54 0.57
RU 100 84 191 225 0.168 0.382 0.55 0.55
RU 110 66 233 201 0.132 0.466 0.59 0.52
RU 120 43 262 195 0.086 0.524 0.61 0.51
RU 130 48 275 177 0.096 0.55 0.64 0.48
RU 140 37 292 171 0.074 0.584 0.65 0.47
RU 150 28 319 153 0.056 0.638 0.69 0.47
RU 160 25 346 129 0.05 0.692 0.74 0.46
RU 170 16 375 109 0.032 0.75 0.78 0.46
RU 180 15 373 112 0.03 0.746 0.77 0.39
RU 190 7 409 84 0.014 0.818 0.83 0.38
RU 200 6 424 70 0.012 0.848 0.86 0.37
RU 210 8 436 56 0.016 0.872 0.88 0.35
RU 220 2 467 31 0.004 0.934 0.93 0.33
RU 230 1 486 13 0.002 0.972 0.97 0.42

SE 0 500 0 0 1.0 0.0 1.0 0
SE 10 437 14 49 0.874 0.028 0.9 0.63
SE 20 366 44 90 0.732 0.088 0.82 0.61
SE 30 311 79 110 0.622 0.158 0.78 0.58
SE 40 272 104 124 0.544 0.208 0.75 0.54
SE 50 245 118 137 0.49 0.236 0.72 0.53
SE 60 200 141 159 0.4 0.282 0.68 0.51
SE 70 183 152 165 0.366 0.304 0.67 0.53
SE 80 143 176 181 0.286 0.352 0.63 0.52
SE 90 129 202 169 0.258 0.404 0.66 0.51
SE 100 120 219 161 0.24 0.438 0.67 0.51
SE 110 67 273 160 0.134 0.546 0.68 0.49
SE 120 71 272 157 0.142 0.544 0.68 0.5
SE 130 46 310 144 0.092 0.62 0.71 0.52
SE 140 56 337 107 0.112 0.674 0.78 0.48
SE 150 42 334 124 0.084 0.668 0.75 0.46
SE 160 33 353 114 0.066 0.706 0.77 0.44
SE 170 25 398 77 0.05 0.796 0.84 0.43
SE 180 17 411 72 0.034 0.822 0.85 0.39
SE 190 21 429 50 0.042 0.858 0.9 0.45
SE 200 11 445 44 0.022 0.89 0.91 0.46
SE 210 4 461 35 0.008 0.922 0.93 0.42
SE 220 3 479 18 0.006 0.958 0.96 0.38
SE 230 3 487 10 0.006 0.974 0.98 0.36

SG 0 500 0 0 1.0 0.0 1.0 0
SG 10 417 23 60 0.834 0.046 0.88 0.67
SG 20 346 44 110 0.692 0.088 0.78 0.62
SG 30 294 70 136 0.588 0.14 0.72 0.64
SG 40 243 99 158 0.486 0.198 0.68 0.64
SG 50 217 102 181 0.434 0.204 0.63 0.6
SG 60 165 129 206 0.33 0.258 0.58 0.58
SG 70 136 163 201 0.272 0.326 0.59 0.57
SG 80 101 194 205 0.202 0.388 0.59 0.54
SG 90 74 195 231 0.148 0.39 0.53 0.55
SG 100 66 220 214 0.132 0.44 0.57 0.54
SG 110 54 252 194 0.108 0.504 0.61 0.5
SG 120 42 269 189 0.084 0.538 0.62 0.49
SG 130 33 277 190 0.066 0.554 0.62 0.46
SG 140 31 306 163 0.062 0.612 0.67 0.44
SG 150 15 340 145 0.03 0.68 0.71 0.44
SG 160 12 336 152 0.024 0.672 0.69 0.44
SG 170 6 373 121 0.012 0.746 0.75 0.39
SG 180 8 396 96 0.016 0.792 0.8 0.36
SG 190 3 409 88 0.006 0.818 0.82 0.39
SG 200 4 420 76 0.008 0.84 0.84 0.33
SG 210 0 453 47 0.0 0.906 0.9 0.38
SG 220 3 468 29 0.006 0.936 0.94 0.31
SG 230 1 483 16 0.002 0.966 0.96 0.34

UA 0 500 0 0 1.0 0.0 1.0 0
UA 10 435 25 40 0.87 0.05 0.92 0.65
UA 20 368 46 86 0.736 0.092 0.82 0.58
UA 30 319 70 111 0.638 0.14 0.77 0.6
UA 40 273 78 149 0.546 0.156 0.7 0.6
UA 50 243 111 146 0.486 0.222 0.7 0.58
UA 60 204 136 160 0.408 0.272 0.68 0.56
UA 70 168 156 176 0.336 0.312 0.64 0.55
UA 80 152 175 173 0.304 0.35 0.65 0.55
UA 90 132 193 175 0.264 0.386 0.65 0.54
UA 100 102 230 168 0.204 0.46 0.66 0.54
UA 110 79 253 168 0.158 0.506 0.66 0.48
UA 120 76 287 137 0.152 0.574 0.72 0.48
UA 130 66 281 153 0.132 0.562 0.69 0.46
UA 140 56 305 139 0.112 0.61 0.72 0.46
UA 150 39 348 113 0.078 0.696 0.77 0.47
UA 160 28 356 116 0.056 0.712 0.76 0.5
UA 170 20 359 121 0.04 0.718 0.75 0.46
UA 180 22 378 100 0.044 0.756 0.8 0.44
UA 190 14 436 50 0.028 0.872 0.9 0.42
UA 200 14 437 49 0.028 0.874 0.9 0.4
UA 210 6 451 43 0.012 0.902 0.91 0.43
UA 220 4 468 28 0.008 0.936 0.94 0.46
UA 230 1 490 9 0.002 0.98 0.98 0.3

US 0 500 0 0 1.0 0.0 1.0 0
US 10 413 20 67 0.826 0.04 0.86 0.76
US 20 345 45 110 0.69 0.09 0.78 0.71
US 30 294 66 140 0.588 0.132 0.72 0.7
US 40 223 79 198 0.446 0.158 0.6 0.68
US 50 201 93 206 0.402 0.186 0.58 0.66
US 60 154 128 218 0.308 0.256 0.56 0.67
US 70 134 150 216 0.268 0.3 0.56 0.64
US 80 83 170 247 0.166 0.34 0.5 0.62
US 90 84 187 229 0.168 0.374 0.54 0.61
US 100 55 218 227 0.11 0.436 0.54 0.6
US 110 60 218 222 0.12 0.436 0.55 0.57
US 120 32 228 240 0.064 0.456 0.52 0.54
US 130 25 272 203 0.05 0.544 0.59 0.55
US 140 20 279 201 0.04 0.558 0.59 0.52
US 150 19 304 177 0.038 0.608 0.64 0.5
US 160 6 340 154 0.012 0.68 0.69 0.48
US 170 5 340 155 0.01 0.68 0.69 0.45
US 180 4 373 123 0.008 0.746 0.75 0.43
US 190 8 375 117 0.016 0.75 0.76 0.41
US 200 2 422 76 0.004 0.844 0.84 0.41
US 210 0 444 56 0.0 0.888 0.88 0.39
US 220 1 457 42 0.002 0.914 0.91 0.42
US 230 0 481 19 0.0 0.962 0.96 0.37

ZA 0 500 0 0 1.0 0.0 1.0 0
ZA 10 436 20 44 0.872 0.04 0.91 0.61
ZA 20 390 44 66 0.78 0.088 0.86 0.66
ZA 30 316 81 103 0.632 0.162 0.79 0.57
ZA 40 272 110 118 0.544 0.22 0.76 0.59
ZA 50 247 109 144 0.494 0.218 0.71 0.56
ZA 60 215 149 136 0.43 0.298 0.72 0.55
ZA 70 170 173 157 0.34 0.346 0.68 0.54
ZA 80 151 199 150 0.302 0.398 0.7 0.53
ZA 90 139 215 146 0.278 0.43 0.7 0.52
ZA 100 112 236 152 0.224 0.472 0.69 0.53
ZA 110 76 288 136 0.152 0.576 0.72 0.5
ZA 120 70 298 132 0.14 0.596 0.73 0.45
ZA 130 58 327 115 0.116 0.654 0.77 0.49
ZA 140 50 331 119 0.1 0.662 0.76 0.49
ZA 150 29 360 111 0.058 0.72 0.77 0.44
ZA 160 34 371 95 0.068 0.742 0.81 0.43
ZA 170 20 394 86 0.04 0.788 0.82 0.43
ZA 180 22 399 79 0.044 0.798 0.84 0.44
ZA 190 8 428 64 0.016 0.856 0.87 0.37
ZA 200 12 445 43 0.024 0.89 0.91 0.43
ZA 210 3 462 35 0.006 0.924 0.93 0.39
ZA 220 4 479 17 0.008 0.958 0.96 0.47
ZA 230 1 490 9 0.002 0.98 0.98 0.4

AT 0.7
AU 0.67
BR 0.66
CA 0.74
CH 0.67
CZ 0.78
DE 0.72
ES 0.79
FR 0.77
GB 0.71
HK 0.76
IE 0.78
IT 0.68
JP 0.75
KH 0.77
MU 0.78
NL 0.69
NO 0.76
RU 0.72
SE 0.79
SG 0.72
UA 0.77
US 0.69
ZA 0.8
